Gyro
TimeStamp;X;Y;Z
1702903790700;0.000762939453125;-0.003814697265625;-0.001678466796875
1702903790758;-0.0006103515625;0.00091552734375;-0.00091552734375
1702903790821;0.000457763671875;0.000457763671875;-0.000762939453125
1702903790893;0;0.00030517578125;-0.0006103515625
1702903790957;-0.0006103515625;0.00091552734375;-0.00030517578125
1702903790993;-0.0006103515625;-0;-0.00030517578125
1702903791088;0.00030517578125;0;-0.00091552734375
1702903791160;-0;0.00030517578125;-0.001220703125
1702903791195;-0;0.00030517578125;0.00030517578125
1702903791339;0.0006103515625;0.000152587890625;-0.00091552734375
1702903791379;0.000152587890625;-0.0006103515625;-0.000457763671875
1702903791418;-0.0006103515625;0.00030517578125;-0.00030517578125
1702903791488;0.000457763671875;0.000152587890625;-0.00091552734375
1702903791552;-0;0.00030517578125;-0.0006103515625
1702903791626;-0;-0.000152587890625;-0.00091552734375
1702903791683;-0;0.00030517578125;-0.00152587890625
1702903791761;0.00030517578125;0.0006103515625;-0.00152587890625
1702903791828;0.000457763671875;-0.000152587890625;-0.000457763671875
1702903791861;-0.0006103515625;-0.000152587890625;-0.00091552734375
1702903791966;-0.00030517578125;0.00030517578125;-0.0006103515625
1702903792027;-0.000457763671875;-0.000457763671875;-0.000152587890625
1702903792060;0.0006103515625;-0.00030517578125;-0.00091552734375
1702903792169;0.00030517578125;0.00030517578125;-0.00091552734375
1702903792230;-0.00091552734375;0.00030517578125;-0.00152587890625
1702903792295;-0.000152587890625;-0.00030517578125;-0.00091552734375
1702903792358;0.00030517578125;-0.0006103515625;-0.000457763671875
1702903792429;0.00030517578125;0.000152587890625;-0.001220703125
1702903792492;-0;0.00030517578125;-0.000762939453125
1702903792530;-0.0006103515625;0.00091552734375;-0.000762939453125
1702903792638;0.00030517578125;0.00091552734375;-0.001220703125
1702903792686;0.000457763671875;-0.000152587890625;-0.00091552734375
1702903792729;-0;-0.00030517578125;-0.00152587890625
1702903792808;-0;0.000152587890625;-0.00091552734375
1702903792895;0.0006103515625;-0.00030517578125;-0.000762939453125
1702903792962;0.0006103515625;-0.00030517578125;-0.00030517578125
1702903793024;0.000457763671875;0.000152587890625;-0.00091552734375
1702903793082;-0;0.00091552734375;-0.001068115234375
1702903793159;0.000457763671875;0.00030517578125;-0.00091552734375
1702903793215;-0;0.00030517578125;-0.000762939453125
1702903793294;-0;0.0006103515625;-0.00091552734375
1702903793364;-0.000152587890625;0.00030517578125;-0.00030517578125
1702903793392;-0.000152587890625;0.00030517578125;-0.00030517578125
1702903793504;0.0006103515625;0.00030517578125;-0.00091552734375
1702903793557;0.00030517578125;0.0006103515625;-0.001373291015625
1702903793626;-0;0.00030517578125;-0.00091552734375
1702903793697;0.0006103515625;-0.00030517578125;-0.001068115234375
1702903793754;-0.00030517578125;-0.00030517578125;-0.001220703125
1702903793832;-0.000152587890625;0.000457763671875;-0.00152587890625
1702903793882;-0.001068115234375;0.000457763671875;-0.00152587890625
1702903793957;-0.00030517578125;0.0006103515625;-0.001220703125
1702903794040;-0.0006103515625;0.000762939453125;-0.00030517578125
1702903794059;-0.0006103515625;0.00030517578125;-0.001373291015625
1702903794176;0.00030517578125;0.00030517578125;-0.00091552734375
1702903794232;0.000152587890625;-0.00030517578125;-0.001373291015625
1702903794265;0.0006103515625;0.00030517578125;-0.00091552734375
1702903794357;-0.000152587890625;-0.00030517578125;-0.00091552734375
1702903794431;-0.000457763671875;-0;-0.000457763671875
1702903794496;-0.0006103515625;0.00030517578125;-0.00091552734375
1702903794544;-0.000152587890625;0.000152587890625;-0.00091552734375
1702903794659;-0;0.00030517578125;-0.0006103515625
1702903794708;-0;0.000152587890625;-0.001983642578125
1702903794725;-0;-0.00091552734375;-0.001068115234375
1702903794819;-0.00030517578125;-0.0006103515625;-0.0006103515625
1702903794905;-0.000152587890625;-0.000152587890625;-0.00091552734375
1702903794934;-0.0006103515625;0.00030517578125;-0.00091552734375
1702903795016;0.0006103515625;0;-0.00091552734375
1702903795085;0.0006103515625;-0.00030517578125;-0.00091552734375
1702903795118;-0;-0.00030517578125;-0.00030517578125
1702903795213;-0.000457763671875;0.00030517578125;-0.00091552734375
1702903795301;-0.00030517578125;0.000762939453125;-0.00091552734375
1702903795373;-0.000457763671875;0.00030517578125;-0.00030517578125
1702903795414;-0.000457763671875;0.001373291015625;-0.001373291015625
1702903795487;-0.000152587890625;0.000152587890625;-0.00152587890625
1702903795560;-0;-0.000152587890625;-0.000457763671875
1702903795613;-0.0006103515625;0.00030517578125;-0.001068115234375
1702903795690;0.00030517578125;0.00030517578125;-0.001220703125
1702903795751;-0;0.00030517578125;-0.00091552734375
1702903795799;-0.0006103515625;0.00030517578125;-0.00091552734375
1702903795880;0.00030517578125;0.000152587890625;-0.001373291015625
1702903795956;-0;0.000152587890625;-0.00152587890625
1702903796033;-0.0006103515625;0.00030517578125;-0.00091552734375
1702903796077;0.000152587890625;0.00030517578125;-0.00152587890625
1702903796149;-0.00030517578125;0.00030517578125;-0.001220703125
1702903796226;0.000457763671875;0.00091552734375;-0.00091552734375
1702903796268;-0.0006103515625;0.00091552734375;-0.001373291015625
1702903796352;-0.00030517578125;-0.00030517578125;-0.00152587890625
1702903796435;-0.000457763671875;0;-0.00152587890625
1702903796467;0.001068115234375;0.000457763671875;-0.00152587890625
1702903796541;0.000762939453125;0.00030517578125;-0.0018310546875
1702903796624;0.000152587890625;0.0006103515625;-0.000762939453125
1702903796694;0.0006103515625;-0.00091552734375;-0.00030517578125
1702903796763;-0;0.00091552734375;-0.000762939453125
1702903796810;0.00030517578125;0.00030517578125;-0.001220703125
1702903796892;-0;0.00091552734375;-0.000457763671875
1702903796945;-0;0.00152587890625;-0.001678466796875
1702903797024;0.00030517578125;0.00091552734375;-0.001220703125
1702903797088;0.000457763671875;0.000762939453125;-0.001373291015625
1702903797126;-0.0006103515625;0.00030517578125;-0.001373291015625
1702903797213;0.00030517578125;0.000762939453125;-0.001220703125
1702903797284;-0.000152587890625;0.000152587890625;-0.00091552734375
1702903797336;0.0006103515625;0.000457763671875;-0.00091552734375
1702903797420;0.000762939453125;0.00030517578125;-0.001068115234375
1702903797486;0.000152587890625;0.00030517578125;-0.00152587890625
1702903797556;-0.000152587890625;0.00030517578125;-0.00152587890625
1702903797593;-0.0006103515625;-0.00030517578125;-0.00091552734375
1702903797679;0.0006103515625;0.000762939453125;-0.00091552734375
1702903797759;0.0006103515625;0.00091552734375;-0.001373291015625
1702903797795;0;0.00030517578125;-0.001373291015625
1702903797882;0.00030517578125;0.000762939453125;-0.00091552734375
1702903797978;0.000457763671875;0.000457763671875;-0.001068115234375
1702903798004;0.0006103515625;0.00030517578125;-0.00152587890625
1702903798079;-0.000457763671875;-0;-0.00091552734375
1702903798146;-0.00030517578125;0.0006103515625;-0.00091552734375
1702903798236;-0;0.00030517578125;-0.00091552734375
1702903798284;0.000457763671875;0.00030517578125;-0.00091552734375
1702903798353;0.000457763671875;0.00091552734375;-0.00152587890625
1702903798430;0.000457763671875;0.00030517578125;-0.00091552734375
1702903798463;-0;0.00030517578125;-0.00152587890625
1702903798543;0.00030517578125;0;-0.00152587890625
1702903798619;0.000457763671875;0.00030517578125;-0.000457763671875
1702903798672;-0.0006103515625;0.00030517578125;-0.00152587890625
1702903798751;0.00091552734375;0.00030517578125;-0.00091552734375
1702903798816;0.000457763671875;0.000152587890625;-0.00091552734375
1702903798878;-0;0.00030517578125;-0.00152587890625
1702903798944;-0;0.0006103515625;-0.00213623046875
1702903799024;-0;0.00091552734375;-0.00152587890625
1702903799091;-0;0.001373291015625;-0.00030517578125
1702903799132;-0;-0.00030517578125;-0.001373291015625
1702903799214;0.00030517578125;0;-0.00152587890625
1702903799291;0.0006103515625;0.000762939453125;-0.000762939453125
1702903799323;0;0.00030517578125;-0.00030517578125
1702903799434;-0;-0.00030517578125;-0.00152587890625
1702903799492;-0.000457763671875;-0.0006103515625;-0.001068115234375
1702903799537;-0.0006103515625;0.00030517578125;-0.00152587890625
1702903799600;-0;0.00030517578125;-0.001068115234375
1702903799690;-0;0.00030517578125;-0.001373291015625
1702903799773;0.0006103515625;0.00091552734375;-0.00152587890625
1702903799804;-0;0.000457763671875;-0.00152587890625
1702903799904;-0;0.0006103515625;-0.0006103515625
1702903799952;-0;0.000762939453125;-0.000457763671875
1702903799990;0.000457763671875;0.00030517578125;-0.00152587890625
1702903800077;-0;0.000152587890625;-0.001220703125
1702903800160;-0;0.000457763671875;-0.001068115234375
1702903800207;-0;-0.000152587890625;-0.000457763671875
1702903800268;0.000762939453125;-0;-0.001220703125
1702903800351;0.000457763671875;0.000762939453125;-0.00091552734375
1702903800433;0.0006103515625;-0.00030517578125;-0.00091552734375
1702903800486;0.001220703125;0.00030517578125;-0.001068115234375
1702903800546;-0.00091552734375;0.000762939453125;-0.00091552734375
1702903800627;-0;0.001068115234375;-0.00152587890625
1702903800667;-0.0006103515625;0.001068115234375;-0.00091552734375
1702903800763;-0.00030517578125;0;-0.001220703125
1702903800817;0.0006103515625;-0.00030517578125;-0.00152587890625
1702903800855;0;0.00030517578125;-0.00152587890625
1702903800942;0.000152587890625;0.00030517578125;-0.00091552734375
1702903801032;0.001068115234375;0.000152587890625;-0.00213623046875
1702903801071;-0;0.00030517578125;-0.00152587890625
1702903801132;-0.000457763671875;0.0006103515625;-0.00152587890625
1702903801223;-0.000152587890625;0.0006103515625;-0.00152587890625
1702903801310;-0;0.00091552734375;-0.00091552734375
1702903801343;-0;0.000762939453125;-0.00091552734375
1702903801446;-0;0.00091552734375;-0.00091552734375
1702903801487;-0;0.00030517578125;-0.001068115234375
1702903801554;-0;0.00030517578125;-0.00152587890625
1702903801608;0.000152587890625;0.000152587890625;-0.00030517578125
1702903801681;0.000152587890625;-0.00030517578125;-0.0006103515625
1702903801720;-0.001220703125;0.00091552734375;-0.00213623046875
1702903801823;0.000152587890625;0.001068115234375;-0.0006103515625
1702903801879;0.000152587890625;0.00030517578125;-0.001678466796875
1702903801959;-0;0.00030517578125;-0.00152587890625
1702903802012;0.00030517578125;0.0006103515625;-0.00152587890625
1702903802077;-0.00030517578125;0.00030517578125;-0.00091552734375
1702903802181;-0;-0.000152587890625;-0.001373291015625
1702903802212;-0;0.00091552734375;-0.001373291015625
1702903802286;0.00030517578125;0;-0.0018310546875
1702903802359;0.000762939453125;0.00030517578125;-0.001068115234375
1702903802392;0.0006103515625;-0.000152587890625;-0.00091552734375
1702903802478;-0;0.000152587890625;-0.0006103515625
1702903802548;0.000152587890625;0.00030517578125;-0.001068115234375
1702903802626;-0.0006103515625;0.000457763671875;-0.00152587890625
1702903802681;0.000762939453125;0.0006103515625;-0.001220703125
1702903802748;-0;0.000152587890625;-0.0006103515625
1702903802822;-0.0006103515625;0.00030517578125;-0.00091552734375
1702903802860;0.000152587890625;0.00030517578125;-0.00030517578125
1702903802949;-0.00030517578125;0.000762939453125;-0.00091552734375
1702903803021;-0.0006103515625;0.00030517578125;-0.00091552734375
1702903803057;-0;0.00091552734375;-0.001373291015625
1702903803145;-0;0.00030517578125;-0.00091552734375
1702903803220;0.000457763671875;0.00030517578125;-0.001678466796875
1702903803255;0.0006103515625;0.00030517578125;-0.00152587890625
1702903803366;0.00030517578125;0.000762939453125;-0.00091552734375
1702903803428;0.0006103515625;-0;-0.000762939453125
1702903803489;-0.0006103515625;0.00091552734375;-0.00152587890625
1702903803577;-0.000152587890625;0.00030517578125;-0.00152587890625
1702903803626;0;0.00091552734375;-0.00091552734375
1702903803688;-0;0.00030517578125;-0.001373291015625
1702903803728;0.000457763671875;0.00091552734375;-0.00091552734375
1702903803823;0.00030517578125;0;-0.001220703125
1702903803930;-0.001068115234375;0.000762939453125;-0.00091552734375
1702903803934;0.000457763671875;0.00030517578125;-0.00152587890625
1702903804025;-0;-0.00030517578125;-0.0006103515625
1702903804085;-0.000152587890625;0.00030517578125;-0.00091552734375
1702903804157;-0;0.00030517578125;-0.00091552734375
1702903804198;-0;0.000152587890625;-0.001068115234375
1702903804279;-0;0.0006103515625;-0.00091552734375
1702903804358;-0;0.00030517578125;-0.001983642578125
1702903804400;-0;0.00030517578125;-0.001068115234375
1702903804494;0.00030517578125;0;-0.001220703125
1702903804572;-0;0.00030517578125;-0.00152587890625
1702903804595;0.000457763671875;0.00030517578125;-0.00152587890625
1702903804681;0.00030517578125;0.000152587890625;-0.001220703125
1702903804756;-0;0.00091552734375;-0.001678466796875
1702903804788;-0;-0.000152587890625;-0.00091552734375
1702903804877;0.00030517578125;-0.00030517578125;-0.00152587890625
1702903804945;0.0006103515625;0.00030517578125;-0.001678466796875
1702903805025;0.0006103515625;-0.00030517578125;-0.00152587890625
1702903805082;0.000457763671875;0.000152587890625;-0.00091552734375
1702903805151;0.001220703125;0.0006103515625;-0.001220703125
1702903805217;-0.000152587890625;0.00091552734375;-0.00091552734375
1702903805271;-0.000152587890625;0.000457763671875;-0.00091552734375
1702903805354;-0;0.00030517578125;-0.0018310546875
1702903805422;0.0006103515625;0.00091552734375;-0.001068115234375
1702903805458;0.0006103515625;0.00091552734375;-0.00091552734375
1702903805542;0.0006103515625;0.00091552734375;-0.001068115234375
1702903805654;0.00030517578125;-0;-0.001373291015625
1702903805698;-0;0.00030517578125;-0.00213623046875
1702903805750;0.001068115234375;0.00091552734375;-0.001068115234375
1702903805811;0;0.0006103515625;-0.001220703125
1702903805890;0.000152587890625;0.000762939453125;-0.00030517578125
1702903805936;0.000152587890625;0.00030517578125;-0.001373291015625
1702903806020;0.00030517578125;0.00030517578125;-0.00030517578125
1702903806086;-0;0.00030517578125;-0.000457763671875
1702903806121;-0;-0.00030517578125;-0.00091552734375
1702903806214;0.0006103515625;0.00030517578125;-0.001068115234375
1702903806289;-0.00030517578125;0.00091552734375;-0.00152587890625
1702903806336;-0;0.00030517578125;-0.00091552734375
1702903806403;-0;0.00030517578125;-0.00152587890625
1702903806494;0.000152587890625;0.000762939453125;-0.000457763671875
1702903806561;0.0006103515625;0.001068115234375;-0.00152587890625
1702903806611;0.00030517578125;0.001068115234375;-0.001678466796875
1702903806679;-0;0.000152587890625;-0.00152587890625
1702903806750;-0.0006103515625;-0.00030517578125;-0.00091552734375
1702903806800;-0;0.00030517578125;-0.001373291015625
1702903806885;0.0006103515625;0.00030517578125;-0.001220703125
1702903806950;-0.00030517578125;0.00030517578125;-0.00091552734375
1702903806984;0.0006103515625;0.00091552734375;-0.00213623046875
1702903807073;0.00030517578125;-0.000457763671875;-0.00152587890625
1702903807179;-0;0.00030517578125;-0.00091552734375
1702903807226;-0;-0.00030517578125;-0.00091552734375
1702903807280;0.000457763671875;-0.000152587890625;-0.001373291015625
1702903807343;0.000152587890625;0.000152587890625;-0.001220703125
1702903807422;-0;0.00091552734375;-0.00030517578125
1702903807466;-0;-0.000152587890625;-0.00091552734375
1702903807536;-0.00030517578125;0;-0.00091552734375
1702903807622;-0;-0.000152587890625;-0.000457763671875
1702903807667;-0;0.00030517578125;-0.00091552734375
1702903807734;0.00030517578125;0.00030517578125;-0.00091552734375
1702903807816;0.000457763671875;-0;-0.00091552734375
1702903807853;-0;-0.00030517578125;-0.00091552734375
1702903807938;0.000457763671875;0.000152587890625;-0.001373291015625
1702903808027;-0;-0.00030517578125;-0.00152587890625
1702903808086;0.001068115234375;-0.000762939453125;-0.00030517578125
1702903808123;-0;-0.000152587890625;-0.000457763671875
1702903808213;-0;-0.00030517578125;-0.00152587890625
1702903808327;0.000152587890625;0.00030517578125;-0.00152587890625
1702903808330;0.000152587890625;0.00030517578125;-0.00152587890625
1702903808426;-0;0.00030517578125;-0.00152587890625
1702903808480;-0.000152587890625;-0.000152587890625;-0.00152587890625
1702903808530;0.001068115234375;0.00091552734375;-0.00152587890625
1702903808622;-0.000457763671875;0.00030517578125;-0.001373291015625
1702903808678;0.00030517578125;-0.000152587890625;-0.00152587890625
1702903808754;0.0006103515625;0.00030517578125;-0.00213623046875
1702903808808;-0.000457763671875;0.00030517578125;-0.001220703125
1702903808879;-0.001068115234375;0;-0.001220703125
1702903808948;-0.0006103515625;0.00030517578125;-0.00152587890625
1702903809001;0.000457763671875;0.00030517578125;-0.00152587890625
1702903809083;0.00030517578125;0.000762939453125;-0.00152587890625
1702903809152;0.000457763671875;0.000457763671875;-0.00152587890625
1702903809184;0.0006103515625;0.00091552734375;-0.00152587890625
1702903809285;-0;0.00030517578125;-0.001220703125
1702903809358;-0;0.00030517578125;-0.00091552734375
1702903809382;-0;0.00030517578125;-0.00091552734375
1702903809490;-0;0.00030517578125;-0.00152587890625
1702903809539;-0;0;-0.00091552734375
1702903809626;-0.0006103515625;0.00030517578125;-0.00091552734375
1702903809661;-0.0006103515625;0.00030517578125;-0.00091552734375
1702903809745;0.0006103515625;-0.00030517578125;-0.00152587890625
1702903809817;0.00030517578125;0.00091552734375;-0.00152587890625
1702903809853;0.000457763671875;0.00091552734375;-0.00152587890625
1702903809965;0.0006103515625;0.000457763671875;-0.00152587890625
1702903810016;0.000152587890625;0.00030517578125;-0.001068115234375
1702903810065;-0;0.00030517578125;-0.00091552734375
1702903810146;0.000152587890625;0.0006103515625;-0.001068115234375
1702903810213;0.00030517578125;0.000152587890625;-0.00091552734375
1702903810329;-0.0006103515625;0.00030517578125;-0.00152587890625
1702903810335;0.000457763671875;-0.000152587890625;-0.001373291015625
1702903810418;-0.0006103515625;0.00030517578125;-0.001220703125
1702903810485;0.00091552734375;0.000457763671875;-0.001068115234375
1702903810540;-0.0006103515625;0.000457763671875;-0.001068115234375
1702903810614;0.0006103515625;-0.00030517578125;-0.00152587890625
1702903810679;-0.000457763671875;0.000152587890625;-0.001220703125
1702903810714;-0;0.00030517578125;-0.00152587890625
1702903810808;0.00030517578125;0.000152587890625;-0.00091552734375
1702903810896;-0;0.000152587890625;-0.00152587890625
1702903810954;0.0006103515625;0.000457763671875;-0.00152587890625
1702903810994;0.0006103515625;0.000457763671875;-0.001373291015625
1702903811099;0.00030517578125;0.0006103515625;-0.00152587890625
1702903811153;-0;0.00091552734375;-0.00152587890625
1702903811208;-0;0.00091552734375;-0.001678466796875
1702903811300;0.0006103515625;0.00030517578125;-0.00152587890625
1702903811356;0.0006103515625;0.000152587890625;-0.001373291015625
1702903811385;0.0006103515625;0.00091552734375;-0.001983642578125
1702903811504;-0.00030517578125;-0.000457763671875;-0.0018310546875
1702903811557;-0;0.000762939453125;-0.000457763671875
1702903811622;0.0006103515625;0.00030517578125;-0.00091552734375
1702903811679;0.0006103515625;-0.00030517578125;-0.00091552734375
1702903811768;0.0006103515625;-0;-0.00152587890625
1702903811825;-0;0.00030517578125;-0.00091552734375
1702903811871;-0;0.00030517578125;-0.001068115234375
1702903811947;0.00030517578125;0;-0.001220703125
1702903812019;0.000457763671875;0.000152587890625;-0.00091552734375
1702903812066;-0;0.000762939453125;-0.001983642578125
1702903812152;0.0006103515625;0.00030517578125;-0.00152587890625
1702903812213;-0;0.000152587890625;-0.001220703125
1702903812248;-0;0.00030517578125;-0.00030517578125
1702903812348;0.000152587890625;-0.00030517578125;-0.001373291015625
1702903812420;0.0006103515625;0.000762939453125;-0.001068115234375
1702903812485;-0;-0.000152587890625;-0.00091552734375
1702903812545;0.000457763671875;0;-0.00091552734375
1702903812617;0.0006103515625;-0.0006103515625;-0.00091552734375
1702903812684;0.0006103515625;0.000457763671875;-0.001983642578125
1702903812730;0.0006103515625;0.00091552734375;-0.000457763671875
1702903812823;0.0006103515625;0.00030517578125;-0.0006103515625
1702903812901;-0;0.000457763671875;-0.00091552734375
1702903812929;-0;0.00152587890625;-0.00091552734375
1702903813013;0.00030517578125;-0;-0.001068115234375
1702903813077;0.00030517578125;-0.00030517578125;-0.00091552734375
1702903813185;-0;0.00030517578125;-0.00152587890625
1702903813218;0.0006103515625;0.0006103515625;-0.00091552734375
1702903813292;-0;0.000152587890625;-0.00091552734375
1702903813358;0;-0.00030517578125;-0.001983642578125
1702903813391;0;0.00030517578125;-0.00091552734375
1702903813478;-0;0;-0.001220703125
1702903813550;-0;-0.00030517578125;-0.001068115234375
1702903813614;0.001068115234375;-0.00030517578125;-0.00091552734375
1702903813674;0.0006103515625;0.00030517578125;-0.00091552734375
1702903813786;-0;0.00030517578125;-0.00152587890625
1702903813789;-0;0.00030517578125;-0.00152587890625
1702903813869;0.0006103515625;0.000152587890625;-0.001373291015625
1702903813941;0.00030517578125;0.0006103515625;-0.00152587890625
1702903814047;-0.0006103515625;0.00091552734375;-0.00152587890625
1702903814074;-0.000457763671875;0.00091552734375;-0.00091552734375
1702903814144;-0.00030517578125;0.0006103515625;-0.001220703125
1702903814218;0;0.000457763671875;-0.001373291015625
1702903814256;0.0006103515625;0.000457763671875;-0.00091552734375
1702903814346;0.000457763671875;0.000152587890625;-0.00091552734375
1702903814437;0.000457763671875;-0.000457763671875;-0.0006103515625
1702903814463;0.0006103515625;0.00091552734375;-0.00091552734375
1702903814538;0.000152587890625;0.0006103515625;-0.000457763671875
1702903814626;-0;-0.00091552734375;-0.001373291015625
1702903814688;0.0006103515625;0.000457763671875;-0.00152587890625
1702903814741;-0;0.000457763671875;-0.00152587890625
1702903814806;-0.000457763671875;0;-0.001220703125
1702903814930;0.0006103515625;0.00091552734375;-0.00152587890625
1702903814934;0.000457763671875;0.00030517578125;-0.001068115234375
1702903815003;-0;0.00030517578125;-0.00091552734375
1702903815084;0.000152587890625;0.000457763671875;-0.00091552734375
1702903815118;0.0006103515625;0.00091552734375;-0.001983642578125
1702903815206;0.000152587890625;0.0006103515625;-0.0018310546875
1702903815317;0.000152587890625;0.000152587890625;-0.001373291015625
1702903815319;-0;0.00091552734375;-0.00152587890625
1702903815395;0.000457763671875;0.00030517578125;-0.00152587890625
1702903815500;0.0006103515625;0.000457763671875;-0.00152587890625
1702903815554;0;0.00091552734375;-0.00091552734375
1702903815592;0.000152587890625;0.000762939453125;-0.001068115234375
1702903815677;-0;-0.00030517578125;-0.00091552734375
1702903815750;0.0006103515625;0.000457763671875;-0.001068115234375
1702903815798;0.0006103515625;0.00152587890625;-0.001068115234375
1702903815885;-0;0.00091552734375;-0.000762939453125
1702903815952;0.000762939453125;0.000762939453125;-0.000762939453125
1702903815988;0;-0.000152587890625;-0.00030517578125
1702903816091;-0;0.0006103515625;-0.001373291015625
1702903816150;0.000152587890625;0.0006103515625;-0.00091552734375
1702903816219;0.0006103515625;0.00091552734375;-0.00152587890625
1702903816280;0.0006103515625;0.000152587890625;-0.001373291015625
1702903816351;-0.000152587890625;-0.000152587890625;-0.00091552734375
1702903816423;0.001068115234375;-0.00030517578125;-0.001068115234375
1702903816474;0;0.00030517578125;-0.001678466796875
1702903816536;0.00091552734375;0.000457763671875;-0.00152587890625
1702903816617;0.0006103515625;0.00030517578125;-0.00091552734375
1702903816665;0;0.00030517578125;-0.00091552734375
1702903816765;0.0006103515625;0.000152587890625;-0.001220703125
1702903816827;0.00030517578125;0.000762939453125;-0.001068115234375
1702903816847;0.0006103515625;-0.00030517578125;-0.00091552734375
1702903816939;0.000152587890625;0.000762939453125;-0.001068115234375
1702903817014;-0;0.0006103515625;-0.00152587890625
1702903817086;0.000457763671875;0.00091552734375;-0.001068115234375
1702903817138;-0.0006103515625;0.00091552734375;-0.001068115234375
1702903817205;-0;0;-0.001220703125
1702903817330;-0;0.00030517578125;-0.00091552734375
1702903817333;-0;0.00030517578125;-0.00091552734375
1702903817422;0.000152587890625;-0.00030517578125;-0.001220703125
1702903817482;-0;0.0006103515625;-0.001678466796875
1702903817529;-0;0.00091552734375;-0.00152587890625
1702903817610;0.0006103515625;0.000762939453125;-0.001373291015625
1702903817676;0.0006103515625;0.00030517578125;-0.001220703125
1702903817764;-0;0.00091552734375;-0.00091552734375
1702903817796;-0;-0.000152587890625;-0.0018310546875
1702903817889;-0.000152587890625;0.00030517578125;-0.00152587890625
1702903817959;0.001220703125;0.001373291015625;-0.00152587890625
1702903817998;0.0006103515625;0.00030517578125;-0.00091552734375
1702903818066;0.0006103515625;0.000152587890625;-0.00152587890625
1702903818158;0.00030517578125;0.00030517578125;-0.000457763671875
1702903818196;0.000457763671875;0.00030517578125;-0.00152587890625
1702903818263;-0.000457763671875;-0.00030517578125;-0.00152587890625
1702903818359;-0;0.000152587890625;-0.001373291015625
1702903818424;-0;0.00030517578125;-0.00091552734375
1702903818480;-0;0.0006103515625;-0.001068115234375
1702903818540;0.000152587890625;0.00091552734375;-0.00152587890625
1702903818620;0.000457763671875;0.000457763671875;-0.001373291015625
1702903818690;-0;0.000457763671875;-0.0018310546875
1702903818744;0.00030517578125;-0.00030517578125;-0.0018310546875
1702903818812;-0;0.0006103515625;-0.001068115234375
1702903818855;0.0006103515625;0.000457763671875;-0.00152587890625
1702903818935;-0;0.00091552734375;-0.0018310546875
1702903819025;0.0006103515625;0.00030517578125;-0.00091552734375
1702903819059;0.0006103515625;-0.00030517578125;-0.00091552734375
1702903819130;0.00030517578125;0.0006103515625;-0.00091552734375
1702903819206;0.000457763671875;0.000152587890625;-0.001220703125
1702903819333;-0;-0.000152587890625;-0.001068115234375
1702903819339;0.000457763671875;0.00030517578125;-0.001220703125
1702903819401;0;0.000762939453125;-0.00091552734375
1702903819510;0;0.0006103515625;-0.001068115234375
1702903819535;-0.000457763671875;0.000457763671875;-0.001068115234375
1702903819598;-0;-0.000152587890625;-0.00091552734375
1702903819681;-0;0.000152587890625;-0.001068115234375
1702903819751;0.0006103515625;-0.00091552734375;-0.00091552734375
1702903819808;0.0006103515625;-0.00030517578125;-0.00091552734375
1702903819890;-0.000457763671875;0.00030517578125;-0.001068115234375
1702903819951;-0;-0.00030517578125;-0.00152587890625
1702903820008;0.000152587890625;-0.000152587890625;-0.000762939453125
1702903820072;0.000457763671875;0.000762939453125;-0.00091552734375
1702903820163;0.001220703125;-0.000152587890625;-0.000457763671875
1702903820250;0;0.000152587890625;-0.000762939453125
1702903820314;-0.000457763671875;0.000152587890625;-0.001068115234375
1702903820368;-0.000152587890625;0.00030517578125;-0.001373291015625
1702903820464;-0.0006103515625;0.001068115234375;-0.000762939453125
1702903820514;-0.00091552734375;0.000152587890625;-0.001068115234375
1702903820560;-0.0006103515625;0.00030517578125;-0.001678466796875
1702903820649;0.00030517578125;0.000152587890625;-0.000762939453125
1702903820701;-0.000762939453125;0.000762939453125;-0.001220703125
1702903820783;-0.000457763671875;0.000762939453125;-0.001373291015625
1702903820823;-0.001220703125;0.00030517578125;-0.00091552734375
1702903820918;-0.00030517578125;-0.001068115234375;-0.00091552734375
1702903821015;-0.000762939453125;-0.000457763671875;-0.0018310546875
1702903821082;-0.00091552734375;-0.001068115234375;-0.001373291015625
1702903821118;-0.001220703125;-0.00091552734375;-0.001068115234375
1702903821207;-0.00030517578125;-0.000762939453125;-0.0006103515625
1702903821265;0.000152587890625;-0.000152587890625;-0.000762939453125
1702903821342;-0.00030517578125;-0.000762939453125;-0.001373291015625
1702903821416;-0.000762939453125;-0.0006103515625;-0.00091552734375
1702903821449;-0.00030517578125;-0.001068115234375;-0.001373291015625
1702903821533;-0.000457763671875;-0.0006103515625;-0.00152587890625
1702903821602;-0.001068115234375;-0.000457763671875;-0.000762939453125
1702903821666;-0.0006103515625;-0.000457763671875;-0.001068115234375
1702903821746;-0.0006103515625;-0.000152587890625;-0.001220703125
1702903821787;-0.00030517578125;-0.000457763671875;-0.001373291015625
1702903821880;-0.001220703125;-0.001373291015625;-0.000457763671875
1702903821948;-0.0006103515625;0;-0.00152587890625
1702903822005;-0.0018310546875;-0.000762939453125;-0.0006103515625
1702903822087;-0.001220703125;-0.000457763671875;-0.001220703125
1702903822121;-0.00030517578125;0.000152587890625;-0.001068115234375
1702903822224;0.000457763671875;0.000152587890625;-0.0006103515625
1702903822284;-0.00091552734375;-0;-0.001068115234375
1702903822344;-0.001220703125;-0.00030517578125;-0.001220703125
1702903822423;-0.000457763671875;-0.0006103515625;-0.001220703125
1702903822472;-0.000762939453125;-0.001220703125;-0.001068115234375
1702903822544;-0.0006103515625;0.00030517578125;-0.001373291015625
1702903822610;-0.000762939453125;-0.00030517578125;-0.001220703125
1702903822666;-0.001068115234375;-0.00030517578125;-0.000762939453125
1702903822748;-0.001220703125;-0.000762939453125;-0.001220703125
1702903822784;-0.0006103515625;-0.000762939453125;-0.001068115234375
1702903822880;-0.000457763671875;-0.00091552734375;-0.0006103515625
1702903822924;-0.00152587890625;-0.0006103515625;-0.001220703125
1702903822993;-0.001068115234375;-0.00091552734375;-0.001373291015625
1702903823071;0;0;-0.00152587890625
1702903823125;-0.00030517578125;-0.001068115234375;-0.001373291015625
1702903823206;-0.0006103515625;0.00030517578125;-0.001220703125
1702903823278;-0.0006103515625;-0.001068115234375;-0.001068115234375
1702903823333;-0.000457763671875;-0.00091552734375;-0.001983642578125
1702903823418;-0.001220703125;-0.000457763671875;-0.00152587890625
1702903823467;-0.0006103515625;-0.00030517578125;-0.001983642578125
1702903823537;-0.000152587890625;-0.000152587890625;-0.001373291015625
1702903823620;-0.000762939453125;0.000152587890625;-0.001678466796875
1702903823675;-0.00091552734375;-0.0006103515625;-0.000762939453125
1702903823747;-0.0006103515625;0.000457763671875;-0.001220703125
1702903823805;-0.0006103515625;-0.0006103515625;-0.001220703125
1702903823851;-0.001220703125;-0.000457763671875;-0.00091552734375
1702903823945;-0;0.00030517578125;-0.00152587890625
1702903823998;-0.00091552734375;-0.001068115234375;-0.00152587890625
1702903824088;-0.00091552734375;-0.00030517578125;-0.00152587890625
1702903824139;-0.0006103515625;-0.0006103515625;-0.001678466796875
1702903824193;0;-0.000457763671875;-0.00152587890625
1702903824261;-0.00030517578125;-0.0006103515625;-0.001220703125
1702903824336;-0.000762939453125;-0.0006103515625;-0.00152587890625
1702903824423;-0.001068115234375;-0.00030517578125;-0.001220703125
1702903824483;-0.000457763671875;-0.00091552734375;-0.00091552734375
1702903824539;-0.000762939453125;-0.000457763671875;-0.00091552734375
1702903824601;-0.001983642578125;-0.0006103515625;-0.00091552734375
1702903824676;-0.0006103515625;-0.00152587890625;-0.00152587890625
1702903824779;-0.0006103515625;-0.000762939453125;-0.001373291015625
1702903824832;-0.000762939453125;-0.001068115234375;-0.000762939453125
1702903824922;-0.000762939453125;-0.000457763671875;-0.00030517578125
1702903824965;-0;-0.0006103515625;-0.001678466796875
1702903825017;-0.0006103515625;-0.000762939453125;-0.00091552734375
1702903825072;-0.000457763671875;-0.001068115234375;-0.0006103515625
1702903825146;-0.000457763671875;-0.0006103515625;-0.0006103515625
1702903825209;-0.0006103515625;-0.000152587890625;-0.001068115234375
1702903825306;-0.000762939453125;-0.00030517578125;-0.00030517578125
1702903825360;-0.001068115234375;-0.0006103515625;-0.001068115234375
1702903825432;-0.00091552734375;0.000457763671875;-0.00152587890625
1702903825501;-0.00091552734375;-0.0006103515625;-0.001068115234375
1702903825551;-0.000457763671875;-0.001068115234375;-0.001220703125
1702903825605;-0.000457763671875;-0.001068115234375;-0.001220703125
1702903825727;-0.0006103515625;-0.00030517578125;-0.00091552734375
1702903825730;-0.000457763671875;-0.0006103515625;-0.00152587890625
1702903825835;-0.001068115234375;-0.0006103515625;-0.001220703125
1702903825900;-0.00091552734375;0.000152587890625;-0.001983642578125
1702903825952;-0.000762939453125;0.0006103515625;-0.001678466796875
1702903826021;-0.000762939453125;0;-0.0018310546875
1702903826075;-0.001220703125;-0.00091552734375;-0.001068115234375
1702903826145;-0.000152587890625;-0.000152587890625;-0.000762939453125
1702903826201;-0.0006103515625;-0.000152587890625;-0.00152587890625
1702903826249;-0.0006103515625;-0.0006103515625;-0.00091552734375
1702903826371;-0.001373291015625;-0.000152587890625;-0.00091552734375
1702903826445;-0.0006103515625;-0.0006103515625;-0.0006103515625
1702903826493;-0.00091552734375;-0.00091552734375;-0.00152587890625
1702903826540;-0.001068115234375;-0.000457763671875;-0.001220703125
1702903826607;-0.001220703125;-0.000152587890625;-0.00213623046875
1702903826666;-0.00152587890625;-0.000762939453125;-0.001220703125
1702903826722;-0.000457763671875;-0.0006103515625;-0.00091552734375
1702903826841;-0.00030517578125;-0.001068115234375;-0.0006103515625
1702903826899;-0.000762939453125;-0.001068115234375;-0.00152587890625
1702903826955;-0.000457763671875;-0.001373291015625;-0.001678466796875
1702903827039;-0.00091552734375;-0.00030517578125;-0.001068115234375
1702903827072;-0.00152587890625;-0.001068115234375;-0.00091552734375
1702903827155;-0.001068115234375;-0.001220703125;-0.001068115234375
1702903827192;-0.000762939453125;-0.000762939453125;-0.001220703125
1702903827245;-0.000762939453125;0.00030517578125;-0.00152587890625
1702903827370;-0.001068115234375;-0.00091552734375;-0.00152587890625
1702903827442;-0.001373291015625;-0.0006103515625;-0.001220703125
1702903827485;-0.00030517578125;-0.0006103515625;-0.0006103515625
1702903827559;0.000152587890625;-0.0006103515625;-0.000762939453125
1702903827618;-0.000762939453125;-0.001220703125;-0.001678466796875
1702903827668;-0.00091552734375;-0.00030517578125;-0.000762939453125
1702903827722;-0.000457763671875;-0.000457763671875;-0.001220703125
1702903827842;-0.000457763671875;-0.000457763671875;-0.001373291015625
1702903827875;-0.00030517578125;-0.00030517578125;-0.0006103515625
1702903827931;-0.00030517578125;-0.000457763671875;-0.001373291015625
1702903828008;-0.000457763671875;-0.000152587890625;-0.00152587890625
1702903828068;-0.00091552734375;-0.000457763671875;-0.001220703125
1702903828141;-0.000762939453125;-0;-0.001068115234375
1702903828218;-0.000457763671875;-0.000152587890625;-0.001678466796875
1702903828249;-0.000152587890625;-0.00091552734375;-0.001068115234375
1702903828345;-0.000762939453125;-0.00091552734375;-0.001068115234375
1702903828408;-0.0006103515625;0.00030517578125;-0.001373291015625
1702903828495;-0.00091552734375;-0.000152587890625;-0.001373291015625
1702903828549;-0.001220703125;-0.000152587890625;-0.001220703125
1702903828579;-0.001068115234375;-0.0006103515625;-0.00152587890625
1702903828684;-0.001373291015625;-0.000762939453125;-0.001220703125
1702903828720;-0.0006103515625;0.00030517578125;-0.000762939453125
1702903828804;-0.00030517578125;0;-0.001678466796875
1702903828879;-0.001373291015625;-0.00030517578125;-0.001373291015625
1702903828928;-0.000457763671875;0.00030517578125;-0.0006103515625
1702903829007;-0.001068115234375;-0.0006103515625;-0.0018310546875
1702903829067;-0.001373291015625;-0.000152587890625;-0.001373291015625
1702903829121;-0.000457763671875;-0.000457763671875;-0.001068115234375
1702903829204;-0.0006103515625;-0.00091552734375;-0.001678466796875
1702903829269;-0.001373291015625;-0.000457763671875;-0.0006103515625
1702903829335;-0.001068115234375;-0.00091552734375;-0.0006103515625
1702903829399;-0.000457763671875;-0.000762939453125;-0.000762939453125
1702903829453;-0.000762939453125;-0.00091552734375;-0.00091552734375
1702903829536;-0.001068115234375;-0.001373291015625;-0.00091552734375
1702903829609;-0.000457763671875;-0.000457763671875;-0.001220703125
1702903829679;-0.000762939453125;-0.0006103515625;-0.000762939453125
1702903829745;-0.001373291015625;-0.000762939453125;-0.001373291015625
1702903829783;-0.001220703125;-0.000762939453125;-0.00152587890625
1702903829883;-0.000762939453125;-0.000762939453125;-0.001068115234375
1702903829929;-0.00091552734375;-0.000762939453125;-0.001068115234375
1702903830036;-0.00030517578125;-0.000457763671875;-0.001373291015625
1702903830071;-0.00030517578125;-0.0006103515625;-0.001068115234375
1702903830118;-0.001068115234375;-0.000457763671875;-0.0018310546875
1702903830193;-0.00091552734375;-0.000457763671875;-0.00152587890625
1702903830276;-0.0006103515625;-0.000457763671875;-0.001678466796875
1702903830335;-0.0006103515625;-0.000152587890625;-0.001220703125
1702903830404;-0.00030517578125;-0.000457763671875;-0.001220703125
1702903830462;-0.0006103515625;0;-0.000762939453125
1702903830542;-0.0018310546875;-0.00030517578125;-0.000762939453125
1702903830596;-0.00091552734375;-0.001068115234375;-0.001068115234375
1702903830689;-0.00091552734375;-0.000762939453125;-0.000762939453125
1702903830754;-0.0006103515625;-0.000457763671875;-0.0006103515625
1702903830787;-0.0006103515625;-0.001068115234375;-0.0006103515625
1702903830870;-0.00091552734375;-0.000152587890625;-0.001220703125
1702903830924;-0.001068115234375;-0.00091552734375;-0.000457763671875
1702903830981;-0.0006103515625;-0.000152587890625;-0.001373291015625
1702903831073;-0.001068115234375;0.000152587890625;-0.000762939453125
1702903831131;-0.001678466796875;-0.000457763671875;-0.001068115234375
1702903831208;-0.00091552734375;-0.0006103515625;-0.00152587890625
1702903831275;-0.00091552734375;-0.000762939453125;-0.001678466796875
1702903831342;-0.00091552734375;0;-0.001373291015625
1702903831427;-0.0018310546875;-0.00091552734375;-0.00152587890625
1702903831467;-0.0018310546875;-0.00091552734375;-0.00152587890625
1702903831507;-0.000152587890625;-0.00030517578125;-0.00152587890625
1702903831613;0.0006103515625;-0.00091552734375;-0.00152587890625
1702903831685;0.000152587890625;-0.00091552734375;-0.001220703125
1702903831774;-0;-0.000762939453125;-0.00152587890625
1702903831806;-0.000457763671875;-0.00030517578125;-0.000457763671875
1702903831888;-0.00030517578125;-0.001220703125;-0.00091552734375
1702903831942;-0;-0.000762939453125;-0.000762939453125
1702903831981;-0;-0.00030517578125;-0.000762939453125
1702903832075;-0;-0.0006103515625;-0.00091552734375
1702903832135;0.000152587890625;-0.0006103515625;-0.00091552734375
1702903832196;-0;0.00030517578125;-0.00091552734375
1702903832253;0.000152587890625;-0.0006103515625;-0.00091552734375
1702903832338;-0.000457763671875;-0.001220703125;-0.001068115234375
1702903832417;-0;-0.00030517578125;-0.00152587890625
1702903832465;0.000457763671875;-0.000457763671875;-0.000457763671875
1702903832541;0.00030517578125;-0.00091552734375;-0.000152587890625
1702903832609;-0.000152587890625;-0.00091552734375;-0.00091552734375
1702903832678;-0.0006103515625;-0.00030517578125;-0.00091552734375
1702903832729;-0;-0.00091552734375;-0.001220703125
1702903832820;-0.000762939453125;-0.001068115234375;-0.001068115234375
1702903832865;-0.000762939453125;-0.000457763671875;-0.00091552734375
1702903832924;-0.0006103515625;-0.000457763671875;-0.00091552734375
1702903833010;-0.00030517578125;-0.001068115234375;-0.00091552734375
1702903833084;-0.0006103515625;-0.00030517578125;-0.00152587890625
1702903833141;-0.001068115234375;0;-0.001068115234375
1702903833202;0.000152587890625;-0.000457763671875;-0.00091552734375
1702903833280;-0.001220703125;-0.00091552734375;-0.00152587890625
1702903833321;-0.000762939453125;-0.001068115234375;-0.00091552734375
1702903833396;-0.00030517578125;-0.00152587890625;-0.00091552734375
1702903833484;0;-0.00030517578125;-0.000457763671875
1702903833523;-0.000457763671875;-0.000762939453125;-0.00152587890625
1702903833606;-0.00030517578125;-0.0006103515625;-0.00152587890625
1702903833675;-0.0006103515625;-0.00091552734375;-0.00152587890625
1702903833715;0.0006103515625;-0.00091552734375;-0.00152587890625
1702903833801;-0.0006103515625;-0.0006103515625;-0.001068115234375
1702903833868;-0.0006103515625;-0.0006103515625;-0.00091552734375
1702903833951;0.000457763671875;-0.00091552734375;-0.00091552734375
1702903833996;-0.000457763671875;-0.000457763671875;-0.00152587890625
1702903834064;-0.00091552734375;-0.00091552734375;-0.00091552734375
1702903834145;-0.0006103515625;-0.00091552734375;-0.00091552734375
1702903834191;-0;-0.00091552734375;-0.00091552734375
1702903834268;-0.00030517578125;-0.00091552734375;-0.00091552734375
1702903834336;0.000457763671875;-0.00030517578125;-0.001373291015625
1702903834389;-0;-0.00030517578125;-0.00091552734375
1702903834453;0.0006103515625;-0.000457763671875;-0.001220703125
1702903834532;-0;-0.00152587890625;-0.001068115234375
1702903834644;-0;-0.00091552734375;-0.00152587890625
1702903834695;-0.0006103515625;0.000152587890625;-0.000457763671875
1702903834744;-0;0.000152587890625;-0.0006103515625
1702903834810;-0.0006103515625;-0.000762939453125;-0.00091552734375
1702903834856;-0;-0.000762939453125;-0.00091552734375
1702903834941;0.00030517578125;-0.00091552734375;-0.001220703125
1702903835013;0.0006103515625;-0.00030517578125;-0.001373291015625
1702903835060;0.0006103515625;-0.001373291015625;-0.00091552734375
1702903835121;-0.00030517578125;-0.000457763671875;-0.001220703125
1702903835203;-0;-0.000457763671875;-0.000457763671875
1702903835244;-0;-0.00030517578125;-0.00091552734375
1702903835326;-0.000457763671875;-0.000457763671875;-0.0006103515625
1702903835401;-0.001068115234375;-0.0006103515625;-0.00091552734375
1702903835493;-0;-0.00091552734375;-0.00030517578125
1702903835536;-0;-0.00091552734375;-0.001373291015625
1702903835591;-0.00030517578125;-0.0006103515625;-0.001220703125
1702903835686;-0.0006103515625;-0.00091552734375;-0.001373291015625
1702903835731;-0.0006103515625;0.00030517578125;-0.00091552734375
1702903835796;-0.00030517578125;-0.0006103515625;-0.000457763671875
1702903835878;-0.000152587890625;-0.001220703125;-0.000457763671875
1702903835924;-0.000152587890625;-0.00030517578125;-0.00091552734375
1702903835989;0.000152587890625;-0.000152587890625;-0.001373291015625
1702903836075;-0.00091552734375;-0.00030517578125;-0.001068115234375
1702903836163;0.000457763671875;-0.00030517578125;0.00030517578125
1702903836205;-0.00152587890625;-0.0006103515625;-0.000457763671875
1702903836262;-0.000762939453125;0.000152587890625;-0.00091552734375
1702903836351;-0;-0.00030517578125;-0.00030517578125
1702903836394;-0;-0.00030517578125;-0.00030517578125
1702903836456;-0.00030517578125;-0.001220703125;-0.001220703125
1702903836542;-0;-0.000762939453125;-0.001373291015625
1702903836601;-0.001220703125;-0.00030517578125;-0.00030517578125
1702903836654;0.000152587890625;-0.00030517578125;-0.001068115234375
1702903836738;0.000457763671875;-0.0006103515625;-0.001373291015625
1702903836813;-0;-0.00030517578125;-0.00152587890625
1702903836882;-0.001068115234375;-0.000457763671875;-0.0006103515625
1702903836931;-0;-0.00030517578125;-0.001220703125
1702903837018;-0;-0.00030517578125;-0.00213623046875
1702903837061;-0;-0.00030517578125;-0.001068115234375
1702903837136;-0.0006103515625;-0.000152587890625;-0.00091552734375
1702903837215;0;-0.000457763671875;-0.00091552734375
1702903837259;0;-0.00091552734375;-0.001373291015625
1702903837328;-0;-0.000457763671875;-0.001220703125
1702903837404;-0;-0.00091552734375;-0.000457763671875
1702903837448;0.0006103515625;-0.00030517578125;-0.00091552734375
1702903837531;-0.000457763671875;-0.001068115234375;-0.001983642578125
1702903837611;-0.000457763671875;-0.0006103515625;-0.001220703125
1702903837683;0.000457763671875;-0.00091552734375;-0.00030517578125
1702903837737;-0.000152587890625;-0.001983642578125;-0.00091552734375
1702903837793;-0.0006103515625;-0.001068115234375;-0.00091552734375
1702903837885;-0;-0.00091552734375;-0.00091552734375
1702903837929;-0;-0.000457763671875;-0.000457763671875
1702903837994;-0;-0.0006103515625;-0.00091552734375
1702903838082;0.000457763671875;-0.001220703125;-0.000762939453125
1702903838135;-0;-0.00030517578125;-0.00091552734375
1702903838195;-0.000457763671875;-0.001068115234375;-0.00152587890625
1702903838264;-0.00030517578125;-0.001220703125;-0.001373291015625
1702903838345;0.0006103515625;-0.00030517578125;-0.00091552734375
1702903838399;-0.0006103515625;0;-0.001068115234375
1702903838468;0.00030517578125;0.000152587890625;-0.0006103515625
1702903838546;-0.000152587890625;0.00030517578125;-0.00091552734375
1702903838581;-0.001220703125;-0.00030517578125;-0.000457763671875
1702903838664;-0.00030517578125;-0.0006103515625;-0.001220703125
1702903838743;-0.000152587890625;-0.0006103515625;-0.001068115234375
1702903838788;-0.0006103515625;-0.000152587890625;-0.00091552734375
1702903838853;-0.001220703125;0.000152587890625;-0.001220703125
1702903838932;-0;-0.0006103515625;-0.00152587890625
1702903838979;-0;-0.00030517578125;-0.00091552734375
1702903839052;-0.0006103515625;-0.00030517578125;-0.000762939453125
1702903839135;-0.000152587890625;-0.00030517578125;-0.001220703125
1702903839209;-0;-0.00091552734375;-0.00030517578125
1702903839261;-0;-0.00030517578125;-0.00091552734375
1702903839336;-0.0006103515625;-0.001220703125;-0.00091552734375
1702903839408;-0.000152587890625;-0.00091552734375;-0.000457763671875
1702903839455;-0.000152587890625;-0.00030517578125;-0.001373291015625
1702903839534;-0.000457763671875;-0.00091552734375;-0.00091552734375
1702903839608;-0;-0.001068115234375;-0.00091552734375
1702903839649;-0;-0.000152587890625;-0.00091552734375
1702903839720;-0.000152587890625;-0.00091552734375;-0.00091552734375
1702903839810;0.000152587890625;-0.00091552734375;-0.00152587890625
1702903839882;-0.0006103515625;-0.00030517578125;-0.00091552734375
1702903839918;0.001068115234375;0.000152587890625;-0.000762939453125
1702903839999;-0.00030517578125;-0.000152587890625;-0.0018310546875
1702903840070;-0;-0.001373291015625;-0.001373291015625
1702903840138;-0;-0.00091552734375;-0.000457763671875
1702903840190;-0;-0.00030517578125;-0.00091552734375
1702903840271;-0.000457763671875;-0.000457763671875;-0.00091552734375
1702903840314;-0;-0.00030517578125;-0.00091552734375
1702903840398;0.00030517578125;-0.00030517578125;-0.000762939453125
1702903840470;0.001068115234375;-0.0006103515625;-0.0006103515625
1702903840564;-0;0.00030517578125;-0.00091552734375
1702903840607;0.000152587890625;-0;-0.00091552734375
1702903840664;-0;-0.000152587890625;-0.00091552734375
1702903840744;0.000457763671875;-0.00030517578125;-0.000457763671875
1702903840791;0.000457763671875;-0.00091552734375;-0.001220703125
1702903840863;-0.00030517578125;-0.00030517578125;-0.00091552734375
1702903840944;-0.0006103515625;-0.00091552734375;-0.000457763671875
1702903840982;-0;-0.00091552734375;-0.00152587890625
1702903841054;0.000152587890625;-0.0006103515625;-0.001068115234375
1702903841136;-0;-0.00030517578125;-0.00091552734375
1702903841217;-0;-0.00091552734375;-0.00152587890625
1702903841268;-0.0006103515625;-0.001220703125;-0.001068115234375
1702903841334;-0.0006103515625;-0.001220703125;-0.00091552734375
1702903841429;-0;-0.00091552734375;-0.00152587890625
1702903841480;-0.00030517578125;-0.000457763671875;-0.00091552734375
1702903841525;-0.001220703125;-0.000457763671875;-0.00091552734375
1702903841621;-0.001220703125;-0.000762939453125;-0.001373291015625
1702903841657;-0.00030517578125;-0.000762939453125;-0.001373291015625
1702903841725;-0.001068115234375;-0.000457763671875;-0.0018310546875
1702903841814;-0.000762939453125;0.000457763671875;-0.00152587890625
1702903841852;-0.000762939453125;-0.001373291015625;-0.00091552734375
1702903841921;-0.0006103515625;-0.000152587890625;-0.00152587890625
1702903842000;-0;-0.00030517578125;-0.001068115234375
1702903842075;-0.0006103515625;-0.00030517578125;-0.00091552734375
1702903842130;-0.00030517578125;-0.000457763671875;-0.000762939453125
1702903842198;-0;0.000152587890625;-0.00091552734375
1702903842281;-0.000152587890625;-0.00091552734375;-0.00091552734375
1702903842330;-0.0006103515625;-0.00030517578125;-0.001220703125
1702903842398;-0.00091552734375;-0.0006103515625;-0.00152587890625
1702903842493;-0.000152587890625;-0.00091552734375;-0.001373291015625
1702903842535;-0.0006103515625;-0.00030517578125;-0.00091552734375
1702903842592;-0.00030517578125;-0.00091552734375;-0.00152587890625
1702903842675;-0.000762939453125;-0.00030517578125;-0.001068115234375
1702903842708;-0.0006103515625;-0.00091552734375;-0.00152587890625
1702903842789;-0;-0.000457763671875;-0.001678466796875
1702903842872;-0.0006103515625;-0.0006103515625;-0.001068115234375
1702903842938;0.000457763671875;-0.00030517578125;-0.00091552734375
1702903843003;-0;-0.000762939453125;-0.00091552734375
1702903843062;-0.0006103515625;-0.00030517578125;-0.00091552734375
1702903843156;-0.000457763671875;-0.00030517578125;-0.001068115234375
1702903843198;0;-0.000762939453125;-0.001068115234375
1702903843253;-0;-0.00091552734375;-0.001220703125
1702903843338;-0;-0.000457763671875;-0.000762939453125
1702903843381;-0;-0.00030517578125;-0.00091552734375
1702903843455;-0.000152587890625;-0.00030517578125;-0.000762939453125
1702903843549;0.00030517578125;-0.00091552734375;-0.001068115234375
1702903843622;-0;-0.00091552734375;-0.00152587890625
1702903843654;-0;0;-0.00213623046875
1702903843745;-0;-0.001068115234375;-0.0006103515625
1702903843837;-0.000152587890625;-0.00030517578125;-0.001373291015625
1702903843862;-0.0006103515625;-0.00030517578125;-0.00091552734375
1702903843935;-0;-0.0006103515625;-0.00152587890625
1702903844008;-0;-0.000762939453125;-0.000762939453125
1702903844046;-0;-0.000762939453125;-0.00091552734375
1702903844123;-0.00030517578125;-0.000457763671875;-0.001678466796875
1702903844211;-0;-0.00030517578125;-0.001068115234375
1702903844281;-0.0006103515625;-0.00152587890625;-0.00091552734375
1702903844337;-0.00030517578125;-0.0006103515625;-0.00030517578125
1702903844394;-0.000457763671875;-0.000457763671875;-0.001220703125
1702903844472;-0;-0.00091552734375;-0.00030517578125
1702903844539;-0.001068115234375;-0.00030517578125;-0.000762939453125
1702903844596;-0.0006103515625;-0.001220703125;-0.00091552734375
1702903844672;-0.001068115234375;-0.00030517578125;-0.00091552734375
1702903844723;-0;-0.000762939453125;-0.00030517578125
1702903844805;-0;-0.000457763671875;-0.00152587890625
1702903844868;0.000152587890625;-0.001068115234375;-0.000457763671875
1702903844929;-0.0006103515625;-0.00030517578125;-0.00091552734375
1702903844982;-0.001068115234375;-0.001220703125;-0.00091552734375
1702903845064;-0;0.000152587890625;-0.000762939453125
1702903845143;-0;-0.000762939453125;-0.00091552734375
1702903845190;-0.000457763671875;-0.000152587890625;-0.00152587890625
1702903845270;-0.000152587890625;-0.000457763671875;-0.001220703125
1702903845341;0;-0.00030517578125;-0.00030517578125
1702903845380;0;-0.001373291015625;-0.000457763671875
1702903845468;-0;-0.0006103515625;-0.001220703125
1702903845538;-0.0006103515625;-0.000457763671875;-0.001373291015625
1702903845584;-0.001220703125;-0.00030517578125;-0.00030517578125
1702903845650;-0.000457763671875;-0.0006103515625;-0.00091552734375
1702903845737;-0;-0.001068115234375;-0.000457763671875
1702903845827;-0;-0.00091552734375;-0.00152587890625
1702903845878;-0.001068115234375;-0.00030517578125;-0.000457763671875
1702903845930;-0.00030517578125;-0.0006103515625;-0.000762939453125
1702903846009;-0.001220703125;0.00030517578125;-0.001373291015625
1702903846068;-0.00030517578125;-0.00091552734375;-0.000457763671875
1702903846129;-0.0006103515625;-0.0006103515625;-0.001220703125
1702903846219;-0.000152587890625;-0.00030517578125;-0.001068115234375
1702903846256;-0.0006103515625;-0.001983642578125;-0.00091552734375
1702903846323;-0.00030517578125;-0.00091552734375;-0.00091552734375
1702903846412;-0.0006103515625;-0.00091552734375;-0.00091552734375
1702903846475;-0;-0.00091552734375;-0.00152587890625
1702903846527;-0.00030517578125;-0.00030517578125;-0.001983642578125
1702903846609;0.0006103515625;-0.00030517578125;-0.001220703125
1702903846680;-0;-0.00030517578125;-0.00091552734375
1702903846736;0.000457763671875;-0.000457763671875;-0.00091552734375
1702903846811;-0.00030517578125;-0.0006103515625;-0.0006103515625
1702903846869;-0.0006103515625;-0.001373291015625;-0.00152587890625
1702903846910;-0;-0.001373291015625;-0.001068115234375
1702903846996;-0.0006103515625;-0.00030517578125;-0.001220703125
1702903847082;-0.00030517578125;-0.000762939453125;-0.000457763671875
1702903847120;-0.001220703125;-0.000762939453125;-0.00030517578125
1702903847193;-0;-0.00091552734375;-0.000457763671875
1702903847265;0.00030517578125;-0.00091552734375;-0.001373291015625
1702903847341;0.0006103515625;-0.00030517578125;-0.00030517578125
1702903847396;-0.000457763671875;-0.00152587890625;-0.000457763671875
1702903847462;-0.00030517578125;-0.0006103515625;-0.001220703125
1702903847540;-0.000457763671875;0.00030517578125;0.0006103515625
1702903847600;0;0.00030517578125;0
1702903847654;-0;-0.000152587890625;-0.00030517578125
1702903847737;-0.00030517578125;-0.000152587890625;-0.000457763671875
1702903847780;-0.00030517578125;-0.000152587890625;-0.0006103515625
1702903847855;0.00030517578125;-0.000152587890625;-0.0006103515625
1702903847936;-0.000762939453125;0.000457763671875;-0.0006103515625
1702903848002;-0.00030517578125;0.000457763671875;0.0006103515625
1702903848076;-0.00030517578125;0.0006103515625;0
1702903848144;0.00030517578125;0.000152587890625;0
1702903848207;-0.00030517578125;-0.000152587890625;-0
1702903848260;-0.000762939453125;-0;-0.000152587890625
1702903848328;-0;0.000152587890625;-0.0006103515625
1702903848401;0.000152587890625;0.00030517578125;-0.0006103515625
1702903848462;0.000152587890625;-0.000152587890625;-0.0006103515625
1702903848519;-0.00091552734375;-0.00030517578125;-0.00091552734375
1702903848601;-0.000152587890625;0.000457763671875;0
1702903848662;0.00030517578125;-0.000152587890625;-0.0006103515625
1702903848715;0;-0.000152587890625;-0.000762939453125
1702903848801;0;0;0.000457763671875
1702903848881;-0.00030517578125;-0.000152587890625;0
1702903848929;-0.000152587890625;-0.0006103515625;-0.00091552734375
1702903848989;-0.00030517578125;-0.000152587890625;-0.00030517578125
1702903849074;-0.00030517578125;-0.0006103515625;-0.000152587890625
1702903849125;0.000152587890625;-0.000152587890625;-0.000152587890625
1702903849189;-0.00030517578125;-0.001068115234375;-0.0006103515625
1702903849277;-0.000152587890625;0.000762939453125;0.000457763671875
1702903849317;-0.00030517578125;0.000457763671875;0
1702903849389;-0.00030517578125;0.000152587890625;0.00030517578125
1702903849479;0.00091552734375;0.000457763671875;-0.000152587890625
1702903849540;0.00030517578125;-0.000152587890625;0.0006103515625
1702903849598;0.000457763671875;-0.00030517578125;0
1702903849667;-0.000152587890625;-0.000457763671875;0.0006103515625
1702903849737;0.000152587890625;0.00030517578125;-0
1702903849805;-0.00030517578125;0.00030517578125;-0.000152587890625
1702903849864;-0;0.000762939453125;-0.00030517578125
1702903849933;-0.00030517578125;0.000762939453125;0
1702903849988;-0.00030517578125;-0.000152587890625;0
1702903850060;0;-0.000762939453125;-0.0006103515625
1702903850136;0.000152587890625;-0.000152587890625;-0.000457763671875
1702903850218;-0.00030517578125;0.000457763671875;0
1702903850273;-0.000152587890625;0.0006103515625;-0.000457763671875
1702903850330;-0.0006103515625;0.0006103515625;0
1702903850404;0.00030517578125;-0.000152587890625;0
1702903850451;-0.000152587890625;-0;-0.000457763671875
1702903850534;0.00030517578125;0.000152587890625;0
1702903850607;0.000152587890625;0.00030517578125;-0.000152587890625
1702903850654;0.000152587890625;0.00091552734375;-0.000152587890625
1702903850736;-0.0006103515625;0.000152587890625;-0.00030517578125
1702903850806;-0.00030517578125;0.000457763671875;0.0006103515625
1702903850858;0.00030517578125;0.000457763671875;0.0006103515625
1702903850919;-0.00030517578125;0.000457763671875;0.000457763671875
1702903850998;-0.000762939453125;0.000457763671875;0
1702903851077;0.000152587890625;-0.000152587890625;0.0006103515625
1702903851131;-0.000457763671875;-0.000152587890625;0
1702903851197;-0.00030517578125;-0.000152587890625;-0.00030517578125
1702903851272;-0.00030517578125;-0.000152587890625;-0.0006103515625
1702903851306;0.00030517578125;-0.000152587890625;-0.0006103515625
1702903851393;0.00030517578125;-0.000457763671875;0
1702903851472;0.00030517578125;-0;0.0006103515625
1702903851511;0.00091552734375;0.000457763671875;0
1702903851601;-0.00030517578125;0.000457763671875;0.00030517578125
1702903851665;0.000457763671875;-0.000152587890625;-0.0006103515625
1702903851752;0.00091552734375;-0.001373291015625;-0.0006103515625
1702903851791;-0.00030517578125;-0.000152587890625;0
1702903851866;0.00030517578125;-0.000152587890625;0.00030517578125
1702903851950;-0.00030517578125;-0.000152587890625;0.0006103515625
1702903851990;0.00030517578125;0.00030517578125;0.000152587890625
1702903852070;-0.00030517578125;-0.000152587890625;-0.00030517578125
1702903852138;0.00030517578125;-0.0006103515625;-0.001068115234375
1702903852181;-0.000762939453125;-0.000152587890625;0
1702903852256;0;-0.000152587890625;0
1702903852357;0.000457763671875;-0.000152587890625;0.000457763671875
1702903852370;-0.00030517578125;-0.000152587890625;-0.0006103515625
1702903852468;-0.00030517578125;-0.000762939453125;0
1702903852530;0.00030517578125;-0.000152587890625;-0.000457763671875
1702903852625;0.00030517578125;-0.000152587890625;0.0006103515625
1702903852676;0.00030517578125;-0.00030517578125;0
1702903852726;0.00030517578125;-0.000152587890625;0.00030517578125
1702903852802;-0.00091552734375;-0.000152587890625;0
1702903852856;-0.000457763671875;0.000457763671875;0
1702903852923;-0;-0.000152587890625;0
1702903852998;-0.000152587890625;0.000152587890625;0.0006103515625
1702903853052;0.00030517578125;-0.00030517578125;0.0006103515625
1702903853120;0.00030517578125;0.000152587890625;-0.00030517578125
1702903853204;0.000152587890625;-0.000152587890625;0
1702903853277;0.00030517578125;-0.000152587890625;0
1702903853316;0.0006103515625;0.0006103515625;0
1702903853396;-0.000152587890625;-0.000762939453125;0
1702903853472;-0.00030517578125;-0;0
1702903853530;-0.00030517578125;0.000457763671875;-0.000457763671875
1702903853589;0.00030517578125;-0.000152587890625;-0.00030517578125
1702903853672;0.00030517578125;0.0006103515625;0.000152587890625
1702903853721;-0.00030517578125;0.000457763671875;0.0006103515625
1702903853788;0.00030517578125;-0.0006103515625;0.0006103515625
1702903853874;0.00030517578125;-0.000152587890625;-0.00030517578125
1702903853919;0.00091552734375;-0.000152587890625;0.0006103515625
1702903853986;0.000152587890625;-0.000152587890625;0.0006103515625
1702903854067;-0.000152587890625;-0.000152587890625;0.0006103515625
1702903854146;0.00030517578125;-0.000152587890625;-0
1702903854194;-0.000152587890625;-0.0006103515625;-0.000152587890625
1702903854260;0.0006103515625;0.00030517578125;0.00091552734375
1702903854333;-0.000152587890625;-0.000762939453125;-0.000152587890625
1702903854393;-0.000152587890625;-0.000762939453125;-0.000762939453125
1702903854451;0;-0.0006103515625;0
1702903854534;0.0006103515625;-0.000152587890625;-0.000457763671875
1702903854597;0.00030517578125;-0.000152587890625;0
1702903854647;-0.000152587890625;0;0
1702903854743;-0.00030517578125;0.000152587890625;0
1702903854811;-0.00030517578125;0.000457763671875;-0.0006103515625
1702903854854;0.00030517578125;-0.000457763671875;-0.0006103515625
1702903854923;0.0006103515625;-0.000152587890625;-0.00030517578125
1702903855006;0.00030517578125;-0.0006103515625;0
1702903855071;-0.000152587890625;0.001373291015625;0
1702903855134;0.00030517578125;0.000152587890625;0.0006103515625
1702903855202;-0.00030517578125;-0.000152587890625;-0.000152587890625
1702903855252;0.000152587890625;-0.000152587890625;-0
1702903855318;0.000457763671875;-0.000152587890625;-0.0006103515625
1702903855406;-0.00030517578125;0.000457763671875;-0.0006103515625
1702903855473;-0.00030517578125;-0.000152587890625;-0.0006103515625
1702903855522;-0.000152587890625;0.000457763671875;0.0006103515625
1702903855594;0.000152587890625;-0.000152587890625;0.000152587890625
1702903855673;0.00091552734375;0.00030517578125;-0
1702903855740;0.000457763671875;-0.000152587890625;-0.0006103515625
1702903855793;-0.00030517578125;0.000152587890625;0
1702903855866;0.00030517578125;0.00030517578125;0
1702903855921;-0.00030517578125;0.00030517578125;0
1702903855991;0.000152587890625;-0.000152587890625;0
1702903856068;-0.000152587890625;0.0006103515625;0
1702903856132;0.00030517578125;-0.000152587890625;0
1702903856184;0.000152587890625;-0.000457763671875;0.00030517578125
1702903856285;-0.000152587890625;-0.000457763671875;0
1702903856341;0.00030517578125;-0.000152587890625;0
1702903856382;-0.000152587890625;0.000457763671875;0.000457763671875
1702903856469;-0;0.000457763671875;0.00030517578125
1702903856540;0.001373291015625;-0.000152587890625;0.000457763671875
1702903856579;0.00030517578125;-0.000152587890625;0
1702903856672;-0.00030517578125;-0.000152587890625;0
1702903856731;0.000762939453125;-0.000152587890625;0
1702903856795;0.00030517578125;-0.000152587890625;-0.0006103515625
1702903856853;0.000457763671875;0.000457763671875;0
1702903856941;0.00030517578125;0.000457763671875;0.0006103515625
1702903856977;0.00091552734375;0.000457763671875;0
1702903857045;0.00030517578125;-0.000457763671875;0.000152587890625
1702903857124;-0.00030517578125;0;0.000457763671875
1702903857201;-0.000152587890625;-0.00030517578125;-0
1702903857248;0.00091552734375;-0.00030517578125;-0.0006103515625
1702903857336;0.00030517578125;0.000457763671875;0
1702903857397;-0.000152587890625;-0.000152587890625;0
1702903857446;0.00030517578125;0.00030517578125;0
1702903857517;0.00030517578125;-0.00091552734375;0
1702903857602;0.000152587890625;-0.000457763671875;0
1702903857643;-0.00030517578125;-0.000762939453125;0
1702903857718;-0.000152587890625;-0.000762939453125;0
1702903857807;-0.00030517578125;0.000457763671875;-0.0006103515625
1702903857876;-0.00030517578125;-0.000152587890625;-0.0006103515625
1702903857925;-0.000457763671875;-0.000152587890625;0
1702903857994;0.00030517578125;0.000152587890625;0.00030517578125
1702903858086;0.000152587890625;-0.000152587890625;0.000152587890625
1702903858135;0.000152587890625;0.00030517578125;0.000152587890625
1702903858181;0.00030517578125;0.000457763671875;0
1702903858264;0.000152587890625;-0.000152587890625;0.000152587890625
1702903858328;-0.00030517578125;-0.000152587890625;0.0006103515625
1702903858386;-0.00030517578125;0.000457763671875;0.00030517578125
1702903858478;-0.000152587890625;0.000152587890625;0
1702903858547;0.00091552734375;0.000457763671875;0
1702903858591;-0.000152587890625;0.000457763671875;0
1702903858661;-0.000457763671875;0.000152587890625;0.00030517578125
1702903858744;-0.00030517578125;0.000457763671875;-0.000457763671875
1702903858791;-0.000152587890625;0.000457763671875;0.000457763671875
1702903858859;-0.00030517578125;-0.000762939453125;0
1702903858952;0.00030517578125;-0;-0.000457763671875
1702903858997;-0.00030517578125;0.000457763671875;0
1702903859049;-0.000152587890625;-0.000152587890625;0
1702903859139;0.00091552734375;-0.000457763671875;0.0006103515625
1702903859206;0.00030517578125;0.000457763671875;0.0006103515625
1702903859251;-0.000152587890625;0.00030517578125;0
1702903859327;0.000457763671875;0.000152587890625;-0.00030517578125
1702903859402;0.00091552734375;0.000457763671875;-0
1702903859478;-0.000152587890625;0.000457763671875;-0.0006103515625
1702903859527;0.0006103515625;-0.000152587890625;0.00030517578125
1702903859604;0.00091552734375;-0.000152587890625;0.0006103515625
1702903859652;0.00030517578125;0.000457763671875;-0.000457763671875
1702903859727;0.00030517578125;-0.0006103515625;0
1702903859803;-0.000152587890625;-0.000152587890625;-0.000152587890625
1702903859862;0.00030517578125;-0.000762939453125;0.0006103515625
1702903859914;-0.000152587890625;0.00030517578125;0
1702903860000;0.00030517578125;-0.000152587890625;-0.000152587890625
1702903860074;-0.00030517578125;0.000457763671875;-0.0006103515625
1702903860119;-0.00030517578125;-0;0
1702903860193;0;-0.000152587890625;-0.00030517578125
1702903860285;0.00030517578125;-0.000152587890625;0
1702903860366;-0.00030517578125;0.000457763671875;0
1702903860403;0.00030517578125;0.000152587890625;-0.00030517578125
1702903860479;0.000152587890625;-0;-0.000457763671875
1702903860522;0.000152587890625;0.000457763671875;0
1702903860583;0;0.000152587890625;0.00030517578125
1702903860667;0.000762939453125;0.000457763671875;0
1702903860738;0.00030517578125;-0.000152587890625;0.0006103515625
1702903860788;-0.0006103515625;0.000457763671875;-0.000152587890625
1702903860866;-0.00030517578125;-0.0006103515625;0
1702903860936;0.00030517578125;-0.000152587890625;0.0006103515625
1702903860978;-0.000152587890625;0.00030517578125;-0.000457763671875
1702903861065;-0.0006103515625;-0.000152587890625;0.00030517578125
1702903861134;0.000152587890625;0.000457763671875;0
1702903861187;-0.00030517578125;0.000457763671875;-0.000457763671875
1702903861255;-0.00030517578125;0;0.00030517578125
1702903861345;0.000152587890625;-0;0
1702903861386;-0.00030517578125;-0.000152587890625;0.0006103515625
1702903861456;-0.000152587890625;-0.0006103515625;-0.0006103515625
1702903861531;0.0006103515625;0;-0.0006103515625
1702903861613;-0.00030517578125;-0.000152587890625;-0.0006103515625
1702903861662;-0.000152587890625;0.00030517578125;-0.000152587890625
1702903861726;-0.0006103515625;-0.000457763671875;-0.00030517578125
1702903861803;0.000762939453125;-0.000152587890625;0
1702903861846;-0.00030517578125;-0.000152587890625;-0.000457763671875
1702903861917;0.00030517578125;-0.000152587890625;-0.00030517578125
1702903862004;-0.00030517578125;-0.0006103515625;0.000152587890625
1702903862062;0.00030517578125;0.000457763671875;0
1702903862140;-0.00030517578125;0.00030517578125;0
1702903862191;0.000457763671875;0.000152587890625;-0.0006103515625
1702903862269;-0.00030517578125;-0.000152587890625;-0.0006103515625
1702903862327;-0.00030517578125;0.000457763671875;-0.000457763671875
1702903862392;-0.00030517578125;0.000152587890625;0.0006103515625
1702903862482;0.000152587890625;-0.000152587890625;0
1702903862519;0.000152587890625;-0.000762939453125;-0.000457763671875
1702903862598;0.00030517578125;-0.000152587890625;0
1702903862665;0.000152587890625;-0.0006103515625;-0.0006103515625
1702903862710;-0.00030517578125;0.000457763671875;-0
1702903862796;0.00030517578125;0;0
1702903862864;-0.000152587890625;-0.000762939453125;0.000457763671875
1702903862904;0.00030517578125;-0.000152587890625;-0.0006103515625
1702903862988;-0.00030517578125;-0.000152587890625;0.000457763671875
1702903863062;0.00030517578125;-0.00030517578125;0.00030517578125
1702903863145;-0.00030517578125;0.000457763671875;0
1702903863188;0.0006103515625;0.000457763671875;0.000457763671875
1702903863260;-0;0.000152587890625;0
1702903863335;-0.00030517578125;-0.000152587890625;0.0006103515625
1702903863375;0.000152587890625;-0.000152587890625;0.0006103515625
1702903863451;-0.000152587890625;0.000457763671875;0
1702903863536;-0.000152587890625;-0;0.00030517578125
1702903863579;0.00030517578125;-0.000152587890625;-0
1702903863646;-0.000152587890625;-0.000152587890625;0.000152587890625
1702903863727;0;0.00030517578125;0.0006103515625
1702903863806;-0.00030517578125;0.000457763671875;0
1702903863859;0.00030517578125;0.001678466796875;0
1702903863923;0.00030517578125;0.005645751953125;-0.03875732421875
1702903864004;-0.000762939453125;0.00030517578125;-0.01312255859375
1702903864043;0.00030517578125;-0.00244140625;-0.008392333984375
